2003
2004
2008
2011
2016
2017
2020
2021
2025
2028
2030
2040
2044
2046
2047
2051
2054
2055
2058
2059
2061
2062
2065
2068
2075
2077
2081
2082
2083
2088
2089
2090
2095
2099
2100
2101
2103
2106
2108
2112
2114
2120
2125
2130
2131
2134
2139
2153
2154
2155
2157
2158
2163
2165
2173
2183
2189
2194
2197
2207
2221
2225
2227
2229
2230
2237
2238
2244
2245
2246
2248
2256
2260
2261
2264
2270
2271
2273
2279
2283
2284
2285
2287
2292
2293
2295
2296
2306
2307
2310
2317
2322
2325
2333
2342
2345
2346
2351
2352
2353
2354
2363
2367
2377
2386
2393
2396
2400
2413
2414
2415
2419
2420
2424
2427
2433
2441
2443
