2002
2003
2004
2008
2009
2011
2016
2017
2020
2021
2023
2025
2028
2029
2030
2040
2044
2045
2046
2047
2050
2051
2054
2055
2056
2058
2059
2061
2062
2065
2067
2068
2069
2073
2074
2075
2077
2079
2081
2082
2083
2088
2089
2090
2091
2092
2095
2098
2099
2100
2101
2102
2103
2106
2107
2108
2110
2112
2114
2116
2119
2120
2121
2122
2125
2126
2127
2130
2131
2133
2134
2139
2142
2143
2147
2153
2154
2155
2157
2158
2162
2163
2165
2168
2173
2178
2183
2188
2189
2194
2197
2207
2221
2224
2225
2227
2229
2230
2231
2235
2237
2238
2244
2245
2246
2248
2252
2256
2260
2261
2264
2265
2270
2271
2273
2279
2283
2284
2285
2287
2292
2293
2295
2296
2298
2299
2303
2306
2307
2308
2309
2310
2317
2320
2322
2325
2326
2327
2333
2340
2342
2345
2346
2349
2350
2351
2352
2353
2354
2363
2367
2377
2386
2387
2393
2396
2399
2400
2406
2411
2412
2413
2414
2415
2417
2419
2420
2423
2424
2427
2428
2433
2441
2443
4000
