2003
2008
2016
2017
2020
2021
2030
2040
2044
2047
2051
2058
2059
2075
2082
2083
2089
2090
2103
2106
2108
2114
2120
2131
2139
2153
2154
2155
2157
2163
2165
2173
2189
2225
2229
2230
2237
2244
2246
2248
2260
2265
2270
2273
2284
2293
2295
2296
2306
2317
2333
2345
2346
2353
2354
2367
2386
2393
2396
2400
2413
2420
2424
2427
2009
2011
2025
2045
2050
2062
2074
2081
2091
2099
2112
2126
2162
2183
2194
2197
2221
2231
2256
2271
2279
2283
2310
2387
2412
2428
2046
2055
2068
2077
2088
2101
2125
2134
2245
2261
2287
2352
2363
2377
2415
