ID_Num Approach_pre Approach_rate_pre Avoid_pre Avoid_rate_pre AmbigApproach_pre AmbigApproach_rate_pre AmbigAvoid_pre AmbigAvoid_rate_pre Approach_post Approach_rate_post Avoid_post Avoid_rate_post AmbigApproach_post AmbigApproach_rate_post AmbigAvoid_post AmbigAvoid_rate_post
2003 16 2.56280199684989 16 2.592422564878079 6 2.0078081427774612 7 2.157829839704069 16 2.6059339287168592 16 3.2201797933717957 9 2.0405078597339767 5 3.0969340353050447
2004 0 NA 14 2.217529039070749 2 2.026000337666723 7 1.9760056457304163 13 1.9685039370078745 15 2.225739440102875 1 1.7306028266512934 11 1.6669613315485041
2008 15 2.0715847623431887 16 3.06210328219195 10 1.7591696719148546 6 2.3102098440608385 16 1.9503077829470006 16 2.278228677203481 6 1.8162554866051184 8 2.317944755649998
2009 16 2.6278331325960798 16 2.5018242468466623 6 1.9421665947345716 10 2.6227215106875925 16 2.582241708583264 16 2.012916212362666 12 1.7437636231533076 2 1.953125
2011 16 2.5220018389596843 16 2.557817329212405 14 1.902346227013316 1 1.5286624203821617 16 2.7485112230874917 16 2.79029210870513 13 2.696163152436914 3 1.9069816717872756
2016 15 2.004275788348476 16 2.1370851049620434 8 1.7111689422836986 8 2.161188653759564 16 2.1647950209714493 16 2.3464998044583525 13 2.3455119530897575 3 2.1634615384615383
2017 15 2.36717517096265 16 2.798425885439437 10 2.2801550505434327 6 2.5970278459096736 NA NA NA NA NA NA NA NA
2020 15 2.282294466703855 16 2.5175045236409384 8 1.8730245444257967 7 2.3606115107913657 16 2.3212515414560992 16 2.2389103969401605 9 1.8577768603571112 7 2.05700852189245
2021 16 1.8531029823376086 16 2.214583958107452 10 1.3891783010349386 3 2.162681725339418 16 2.67431818814943 16 2.5600682684871594 11 2.0143445750038236 5 2.5477707006369408
2023 6 1.6803584764749797 7 2.1998742928975488 2 1.3123359580052494 0 NA 14 1.9979069546189674 15 1.9562665739251381 7 1.5155889145496562 4 1.4589665653495452
2025 16 2.382074886479242 16 2.756244616709732 15 2.049460308785354 1 2.278769464489176 16 2.9409962624839228 16 3.0414396147509786 14 2.3588217123922397 2 2.4788266887006865
2028 16 2.312027358990417 16 2.582728006456828 15 2.06100577081616 0 NA NA NA NA NA NA NA NA NA
2029 16 2.2028958902223548 16 2.3710143495764204 3 1.8645121193287775 13 2.053063802905879 15 2.52051418489372 16 2.383671847842278 4 1.9551934826883897 12 2.0917463176549163
2030 16 2.065626681011294 16 2.3454105690063782 9 1.7461600646725943 6 2.2784810126582307 16 2.8140939203845954 16 2.650323008116621 12 2.132511921334004 3 2.763703362505741
2040 13 2.229335772264772 16 2.2593551423864424 1 1.7751479289940828 13 1.8694724732162091 NA NA NA NA NA NA NA NA
2044 16 2.312472900708194 16 2.6723825961083465 12 2.230275996654589 3 2.0939972080037275 NA NA NA NA NA NA NA NA
2045 16 2.7637829278825303 16 3.029155622870121 9 1.5636310988851936 6 2.282960238442505 NA NA NA NA NA NA NA NA
2046 16 2.695871946082558 16 2.8973260095370437 12 2.1756209584819035 3 2.0792422317199932 NA NA NA NA NA NA NA NA
2047 16 2.3616817141873137 11 1.4322916666666679 5 1.5988062246855697 10 1.7743604909064008 14 1.8249364531056478 16 2.297640132114311 4 2.430379746835448 10 1.9237551700920132
2050 14 2.4011662807649397 16 2.3733590447229873 14 1.5071860477634438 2 1.608794744603832 12 1.6085431514041242 16 1.6279188075494737 2 1.090909090909089 9 1.7438480914551404
2051 14 1.6736401673640153 16 2.3927022581127546 9 1.6372070460540284 4 2.038735983690109 15 1.8480872297172382 16 2.3592440588827994 7 1.57144460657762 2 2.178649237472759
2054 16 2.8959276018099525 16 2.966900516117065 16 2.2955523672883733 0 NA 16 2.7120942452750203 16 2.9254913911321023 3 2.381267363407852 13 2.6841018582243663
2055 14 1.894751088354047 16 2.4933769674302675 12 1.6028851933480264 1 1.9150973507820104 15 1.7559262510974547 16 1.9296870288849999 13 1.5799708313077319 2 1.8945374171139848
2056 16 2.4400162667751126 16 2.0496615923308514 12 1.638113439355677 4 1.707455890722824 15 2.823263692828904 16 2.8506102087478076 1 1.6326530612244898 15 2.420395869191051
2058 15 2.1133705912741267 16 2.2043121857133023 13 1.6463684910399552 3 1.993134758055584 8 2.259461495010357 8 2.360810544953766 1 1.756440281030445 7 2.4208888120352787
2059 16 2.80103871852479 15 3.0510543087666897 9 1.598910372190799 4 1.7610801291458735 16 2.5204788909892923 16 2.6742436904562963 15 2.1174477696216836 0 NA
2061 16 2.1175224986765464 16 2.0711974110032383 13 1.918960808915789 0 NA 16 2.2197045018381902 16 2.7576697690451537 15 1.8953752843062934 0 NA
2062 14 1.7634092578986018 15 2.3986567522187556 15 1.8012608826178327 1 1.6934801016088012 13 2.204884667571235 15 2.3101801940551367 16 1.8084885933349668 0 NA
2065 16 1.928601562970852 15 1.9956539092642662 15 1.89653355810768 0 NA 14 1.814529194478646 15 2.2376370552696385 1 1.8650917003419334 12 2.014493159116975
2067 NA NA NA NA NA NA NA NA 16 2.3103581055063573 16 2.7182376759067965 16 2.0254873829015096 0 NA
2068 16 1.8504953930375103 15 2.0243825633181864 15 1.7448285221302442 1 2.345582486317445 14 1.8120240740341202 16 2.075271838993499 14 1.9006244909041525 0 NA
2069 NA NA NA NA NA NA NA NA 15 2.2581859239744104 15 2.185845436440474 11 1.772145101092824 3 2.001779359430607
2073 NA NA NA NA NA NA NA NA 13 2.114394144754673 15 2.646124897095139 14 1.3941908713692945 1 1.4316392269148073
2074 15 2.47968039674886 16 1.9257000722137538 14 2.288454203672419 2 1.4796547472256494 16 2.608553882941144 16 2.857908368312947 14 1.9616543284836903 2 2.120141342756195
2075 16 2.15822486005261 15 2.2977354540580537 12 1.7945714214501156 4 2.071644367716868 4 1.4271273116489291 14 2.312266020700282 3 1.2661789532920662 2 1.6198704103671708
2077 15 2.862504373270566 15 3.1519226728304277 15 2.445918034568979 1 2.932551319648108 NA NA NA NA NA NA NA NA
2079 16 2.695720543636981 11 2.1074815595363545 14 2.250200910795607 1 1.6759776536312803 15 2.7987685418416 16 2.5544143472939194 15 2.03435804701628 1 2.422285022204299
2081 15 2.1857923497267775 16 2.0648713757205566 12 1.6402405686167305 2 1.4756517461878977 10 1.569201799351395 15 1.9820732486180535 11 1.7339673698867668 0 NA
2082 16 2.670301243359011 16 2.795573675014559 13 2.4628986422481867 3 2.490315439955724 16 2.838808883106134 16 2.7792252909501554 13 2.620967741935491 3 1.745708466686067
2083 16 2.82153773806725 16 2.966533790673963 12 2.3936170212766013 4 2.888781896966772 16 2.6989794483960803 16 2.6873442879937413 13 2.269156920928615 3 2.0635102602315785
2088 16 1.9153648171425148 16 2.2707382264588376 9 1.8766942378536144 3 2.3367519148383806 9 1.3607499244027796 16 1.6977328192975571 1 2.3006134969325154 7 1.7046146353342255
2089 16 2.4517315353968794 16 3.0213382010448853 4 1.6272289646755702 11 2.4544440312383866 16 2.871500358937532 16 2.923976608187132 11 2.310358105506356 4 2.2522522522522523
2090 14 2.4471959213401275 16 2.0993242799973753 3 1.6130477641365728 9 1.8602728400165358 15 2.310654685494223 16 2.243357558479189 15 1.7522682138546009 1 1.8209408194233578
2091 16 3.5629453681710297 16 3.140847374447905 12 3.3715757433856144 4 2.614663906743668 16 3.072393266338094 16 3.0602486452024285 16 2.855018587360594 0 NA
2092 14 2.4385287543182286 16 2.360984727380046 6 1.846153846153844 10 1.9311232700354037 NA NA NA NA NA NA NA NA
2095 16 2.3133644994939475 15 2.577393396145371 16 1.93314538864277 0 NA 13 1.700902786863798 16 1.7938895636737353 9 1.3248932724863829 2 1.6643550624133148
2098 8 2.476141346401857 8 2.2476119123431384 8 1.8716369024409287 0 NA 16 2.284898250624792 16 2.456122396766112 16 2.3197370964624016 0 NA
2099 16 2.2379709063782167 16 2.492729538845036 15 1.921557742810174 1 1.8478595626732368 15 1.9893019760399626 16 2.5830059732013084 16 1.9798304770154072 0 NA
2100 16 2.0079481280066918 16 2.304977310379597 13 1.5417457305502846 0 NA 13 1.7414990287793854 15 1.9563941482077243 10 1.5870916545430465 2 1.818732949378594
2101 16 1.7442494276681584 16 2.5753836248524533 9 1.5923566878980877 3 1.6305824802971223 12 1.5751821304338327 15 2.506544867153127 9 1.372544035787814 4 1.9459985405010993
2102 16 2.686893000083961 16 2.437538086532602 11 2.089268755935422 3 1.4819693726329668 NA NA NA NA NA NA NA NA
2103 13 1.8558614290133009 16 2.6659261316301057 7 1.3200490303925603 7 2.1103406692794726 15 2.294923120075478 16 2.7022462421888194 8 1.6301025606194406 7 1.7609324556622399
2106 16 2.115189706076762 16 2.390021659571287 6 1.9606775230107294 10 1.9738140667149153 16 2.5040429860712607 16 2.50456561440125 5 2.1263023601956212 9 2.0562028786840343
2107 16 2.452483139178421 16 2.5188255975651344 2 1.5341344924571718 13 2.2581859239744038 16 2.5979649274734764 16 2.2734269543183294 11 1.5318200807686948 3 2.0226991796831104
2108 16 2.660458929165288 16 2.7120176281145825 12 1.98544010589014 3 2.049880423641952 NA NA NA NA NA NA NA NA
2110 10 1.9405543516931394 10 2.3126734505087936 14 2.3185205630692813 2 2.160216021602156 14 1.9677200215512187 14 2.513841089331145 12 2.110199296600236 4 2.305475504322762
2112 16 2.4174053182916966 16 2.3328149300155467 15 1.99671651062697 1 1.8570102135561632 NA NA NA NA NA NA NA NA
2114 10 1.9591197022138136 16 2.718314644920154 3 1.3805798435342844 12 1.8798955613577049 NA NA NA NA NA NA NA NA
2116 15 1.964765210557341 16 2.189830972421818 16 2.274773707407236 0 NA NA NA NA NA NA NA NA NA
2119 16 2.0861402060063474 16 2.1888323947194492 12 1.889912591542644 2 1.6120365394948974 NA NA NA NA NA NA NA NA
2120 13 1.7751883292746775 16 2.536126594985876 1 1.8192844147968465 11 2.1617372506632586 14 1.7790202681237723 16 2.07886701747548 11 1.7325563080800166 2 2.5375343624444913
2121 15 2.068109747690611 15 1.918403887965216 13 1.5853014105117706 2 1.7278617710583104 15 2.326844023888928 16 1.932834017878717 15 2.1727584375452635 1 1.0954902318787698
2122 15 1.7224221082446582 15 1.911680367042626 14 1.6279385259404224 1 1.6574585635359163 15 1.7973758312863202 16 2.0701255013585196 12 1.6187414285393082 4 1.5429122468659626
2125 16 2.2470858105893905 16 2.4136370493287056 11 1.7010309278350477 2 1.1999999999999966 16 2.2863130819976663 16 2.231623971360831 14 1.471257925526328 1 1.9224607497596862
2126 15 2.621766487998137 16 2.4272458344921746 12 2.2056120573459195 3 2.163201538276652 16 2.1841512524742335 16 2.9189978107516508 10 2.1223912274495964 6 2.1834061135371234
2127 16 1.9373978325361758 16 2.0943322134473585 13 1.6574937843983137 3 1.569448077426108 NA NA NA NA NA NA NA NA
2130 16 2.635986710233676 16 2.929151156404477 16 2.179490090131001 0 NA NA NA NA NA NA NA NA NA
2131 15 2.0414644104704474 16 2.762828445621207 4 1.976772918211019 11 1.988970255853901 15 1.8963337547408352 16 1.8858287824617934 14 1.736541801041928 0 NA
2133 15 2.3850536637074424 16 2.504108302684092 16 2.1224850762768077 0 NA NA NA NA NA NA NA NA NA
2134 15 1.723708654932681 16 2.5140762079350596 12 1.4004512565159892 2 2.0283975659229276 16 1.9152501795547068 16 2.528445006321114 11 1.508088840142583 4 1.9788918205804849
2139 15 1.8197258279752506 16 2.2968155609254284 6 1.2115501110587599 8 1.769389560601594 NA NA NA NA NA NA NA NA
2142 13 1.7968210089841088 15 2.7053837135900447 8 1.7627616599338978 6 2.1475869474437763 16 2.346213065474011 15 3.0540568054566024 11 1.8780411461742024 5 2.1303792074989407
2143 16 2.376237623762372 16 3.1438302331674173 11 2.32288037166086 5 2.5755494505494503 16 2.410183023273339 16 2.9278111561804363 12 2.1676300578034766 4 2.3522493384298713
2153 16 2.533984426554049 16 2.736602052451542 6 1.4170996693434132 6 2.600592357148023 16 2.84579356139207 15 2.366988401756831 14 2.658900987591787 2 2.063628546861565
2154 15 2.058931185944367 14 1.7931093369764792 7 1.7139359314425642 6 2.020428779885508 15 1.9301293186643502 15 2.1751740139211138 10 2.0312817387771678 5 2.1957110444265564
2155 16 1.878963438503092 16 2.1174757923991483 3 1.7229826744519927 11 1.8951902368987856 NA NA NA NA NA NA NA NA
2157 16 2.6896783592962117 16 3.224506247480859 13 2.2761760242792115 3 3.2444124008651825 11 1.8518518518518545 16 2.169687655381278 12 2.1001662631625044 0 NA
2158 15 2.2398088696431304 16 2.5335831727850993 16 2.10526315789474 0 NA 16 2.331172142492895 15 2.1836709935702983 16 2.066204640351251 0 NA
2162 16 2.1208907741251397 16 2.7220914736155706 0 NA 15 2.182876546204222 14 2.3648648648648645 16 2.431857331036578 10 1.8923266155738456 6 1.6443612113460864
2163 16 2.0817521413856706 16 2.7209341874043407 3 1.3765677577240767 12 2.6675558519506604 16 2.3793000892237637 16 2.4011405417573366 16 2.252252252252262 0 NA
2165 16 2.9123562782513814 16 2.5983165074295624 10 2.634930393922094 6 2.3706045041485613 16 2.4524204879294897 16 1.7381857686040179 16 2.194988110481066 0 NA
2168 12 2.0067448925555356 14 2.4013722126929693 6 1.5803336259877119 6 1.9343399065069067 16 3.0333670374115376 16 3.1589338598223202 13 2.1589902568644868 3 2.6443367122080175
2173 16 2.761874622399954 16 3.0424999207682344 9 2.0976576156625137 5 2.4017292450564502 16 3.0744595676541264 16 2.922908293752287 13 2.0044200030837267 2 2.50521920668059
2183 16 2.3800079333597783 16 2.207911683532659 14 1.9214493217741382 2 1.8047826740863289 NA NA NA NA NA NA NA NA
2188 14 1.6882046747191362 16 2.353402627966269 0 NA 15 1.8467599622440198 NA NA NA NA NA NA NA NA
2189 16 2.59102318425954 16 2.8132692533114456 9 1.6308779559662943 7 1.6408172832753871 NA NA NA NA NA NA NA NA
2194 15 2.4346038358536024 16 2.3225993758014263 15 2.1393425087356523 1 3.1331592689294876 NA NA NA NA NA NA NA NA
2197 16 2.092734288143355 16 2.4312414526667734 15 1.571777855396442 1 1.817080557238043 NA NA NA NA NA NA NA NA
2207 16 2.6089083349186137 16 2.881498379157175 16 2.005012531328322 0 NA 16 2.1855932975138903 16 2.472824687033137 14 1.6362148895554958 2 1.7474879860200936
2221 16 2.3663388301412414 16 2.290294875465209 9 1.463573287077189 4 1.9249278152069358 16 2.4519193931499554 16 2.739882413379768 11 1.6827290806180204 5 2.0629899601155346
2224 16 2.560204816385319 16 2.561981265512003 16 2.122344306148164 0 NA NA NA NA NA NA NA NA NA
2225 16 2.908385845855552 16 2.7197778848060747 10 2.074043347505968 5 2.13325748417834 16 2.2326619842783453 15 2.676261559963135 13 1.7473901160446281 3 2.5132644512706053
2227 13 2.3307933662034954 15 2.5734873613176243 15 2.179915709925887 0 NA NA NA NA NA NA NA NA NA
2229 14 2.4130996839988526 16 2.2726196676293737 9 1.772700413630093 6 2.0106115610164736 16 2.1112357326647726 16 2.3689080814312153 10 1.960463976474436 4 2.009377093101132
2230 16 2.6466696074106735 16 2.7085743306153467 14 2.110499736187531 2 2.183803457688804 16 2.8571428571428656 16 3.0617126455110957 12 2.489282256949255 4 2.4893683227880974
2231 13 2.015608041759268 9 0.9970457902511085 2 1.9798713083649564 12 1.3865085019931096 16 2.283430854859428 16 3.0041306796845664 6 2.1090866483098014 7 2.356637863314988
2235 1 2.141327623126346 3 1.2070006035002985 0 NA 0 NA NA NA NA NA NA NA NA NA
2237 16 2.622807496858099 16 2.4213075060532736 6 1.6352486940722264 8 2.16802168021681 16 2.9772981019724627 16 2.7416038382453767 7 1.796868315222043 7 1.4357501794687755
2238 16 3.368302866566076 16 3.991020204539772 16 3.445800430725045 0 NA 16 3.6829586434435737 16 3.8086169959533613 15 3.4260915908485456 1 3.4364261168385273
2244 16 2.755532592783942 16 3.1330570151104564 11 1.814632536911275 3 1.9830340420843826 NA NA NA NA NA NA NA NA
2245 14 1.8373105273518635 16 2.0678513731825503 14 1.8832391713747647 1 2.1178962230850913 16 2.1656740660530645 16 2.0540471147056945 16 2.0325633588109513 0 NA
2246 16 2.059157890221139 16 2.0794974547817597 6 1.4416723399142983 8 1.86003255056964 16 2.462169787124909 16 2.8555281239775114 11 1.9105514546244078 2 2.13143872113676
2248 16 2.1112357326647735 16 2.6074911046527456 8 1.4150526222693935 5 2.1143139051377755 16 1.8494615369796028 16 2.6982208606200473 10 1.6134670718261817 5 2.2104332449160102
2252 16 2.5405562759679206 16 2.576005581345425 10 2.1465369204350306 5 2.94840294840294 NA NA NA NA NA NA NA NA
2256 15 1.9797624285085786 16 2.3791231939728927 11 1.1570624638417963 1 1.8055973517905617 16 2.2764458988404432 16 2.688623760712492 3 1.4966325767024184 12 2.4819883484435867
2260 16 2.894356005788715 16 3.342502002019434 14 2.2775337563038933 2 3.1128404669261025 NA NA NA NA NA NA NA NA
2261 16 2.0708846560390093 16 2.479466914613365 15 2.1949613442918756 1 1.359311282283646 16 2.0128740066676487 16 2.4459221891003624 13 1.7741788736238728 2 1.9841269841269873
2264 16 2.6034604328252997 16 2.371365758466519 16 2.3532295624463773 0 NA NA NA NA NA NA NA NA NA
2265 14 1.6339869281045745 15 2.167369054786278 1 1.5507883173946755 11 1.777346905800612 12 1.9005886545416162 16 2.6497377863648937 12 1.7908220370600698 0 NA
2270 11 1.380089078476885 16 2.0907289239279647 2 1.2594458438287142 14 1.8854795627483165 15 2.1690405610584897 15 1.9740305316722258 5 1.711351968054765 11 1.7665480046037345
2271 15 2.460226340823362 16 2.506265664160407 8 2.0763939957607 7 1.329155985948922 8 2.090501284787256 8 2.0295983086680787 5 1.3731862498283498 2 1.5073483230749904
2273 14 1.8530774321641297 16 1.9995417716773236 14 1.5832924944396265 2 1.9193857965451027 15 2.1405127717262067 16 1.999291917445905 13 1.8223447502453156 3 2.576212966938604
2279 16 2.4641289560820425 15 2.74264817918635 14 2.0338983050847506 2 1.9841269841269875 16 2.6989794483960825 16 2.3064725385613367 16 2.4131516766376815 0 NA
2283 16 2.62768927574314 16 2.6128136737248897 11 1.6744044447827062 1 1.7421602787456447 8 3.281153872445148 8 2.0847810979847203 7 2.1237864077669966 1 2.0242914979757085
2284 16 2.221193891716798 16 2.7673681176131475 12 2.3248304811107547 4 2.3145915710290423 16 2.462106639993854 16 2.617087399814622 10 2.137208805300279 6 2.2773279352226665
2285 13 1.5540944411237323 16 2.0603953383555504 15 1.6673768456935372 0 NA 16 2.337814143775578 16 2.3098577993792317 16 1.825303266532305 0 NA
2287 15 2.3137436372049964 16 2.425283581335425 15 2.089184985723905 1 1.8154311649016588 16 1.711626580134435 14 1.9143990154519348 11 1.5806111696522647 3 1.3861081164330828
2292 16 2.5726230035373656 16 3.3064682785699695 16 2.573381584238053 0 NA 16 2.592702622410682 16 2.908121535245822 16 2.3736524577193183 0 NA
2293 15 2.096533730898254 16 2.881671369394257 0 NA 14 2.068506981211065 16 2.166113856359573 16 2.627545434639808 0 NA 14 2.060439560439561
2295 16 1.7815718660109496 16 2.3718344657195822 12 1.5248422211868362 3 1.5417558886509664 16 2.1612859651492684 16 2.253732744858675 16 1.8427164711979602 0 NA
2296 16 2.3361074609432113 16 2.789724514704176 13 2.3022432113341225 2 2.648421981902438 16 2.886176417533522 16 2.999250187453145 14 2.912520370306166 2 2.7887520334650246
2298 15 2.383600826314955 14 2.256426787009434 16 1.8724765452807728 0 NA 16 2.649737786364887 16 2.2181658541093827 16 1.9979604154092718 0 NA
2299 6 1.7350233746204646 8 2.6152337365152065 0 NA 8 2.168805349719866 16 1.9218834457768643 15 1.7097589239917206 14 1.6938215841264714 2 1.7673048600883732
2303 8 2.468500899974289 8 2.347532645375852 4 2.4024024024024024 3 2.5330706445257456 NA NA NA NA NA NA NA NA
2306 14 1.937090674292043 15 2.8924026224450565 7 1.738986419344153 8 1.913722988597402 16 3.3227190917901357 16 2.792564796230035 12 2.345735322864411 4 2.0565552699228826
2307 16 2.1513087128002892 15 1.9892140394306403 15 1.4188422247446097 0 NA 16 2.012452047041071 16 2.1278953784772265 16 1.7708909795240728 0 NA
2308 15 2.0861341616058655 16 1.9691499835904223 14 1.753507014028059 1 1.7559262510974694 14 1.7211351295973776 16 1.9246962588716476 15 1.8240038912083005 0 NA
2309 15 3.1394983779258445 16 3.753372170309267 16 2.7236360541322697 0 NA NA NA NA NA NA NA NA NA
2310 16 3.1072989156821604 16 3.08275264121256 14 2.4757582009490444 2 2.2573363431151283 16 3.2398501569302485 16 3.072196620583735 13 2.1981118782584197 3 3.0827196437746034
2317 16 1.8762826150688907 16 1.9224992490237258 4 1.3428075868628657 8 1.4835878098534934 16 1.7258426966292135 16 2.075226977950709 10 1.4215988248116362 5 1.6832183134152499
2320 8 2.7430138865077973 8 2.9184653736243673 8 2.3619722468261033 0 NA 16 2.9798857710454456 16 3.0871145126539568 12 1.979163803293107 3 2.071346375143839
2322 16 2.4728883851523773 16 2.641281021295332 16 2.388356760791146 0 NA NA NA NA NA NA NA NA NA
2325 16 2.0225003160156696 16 1.898583972786963 15 1.957032269287638 0 NA 15 1.8309429356118456 16 1.9249278152069313 15 1.753873136509794 0 NA
2326 15 2.3390596980014027 16 1.9091180272447077 3 1.7521658717025212 10 1.5428130624839314 16 2.770722696836761 16 2.527047303166713 8 2.3311155359137565 7 1.5094339622641548
2327 16 2.7946784664201973 16 2.8652439934338227 16 2.3858637572383627 0 NA 16 2.985724504711849 16 3.092086191902604 16 2.5123655491874124 0 NA
2333 16 2.3871096081161767 16 2.492405950619205 11 1.6422812779934317 4 2.02122283981809 NA NA NA NA NA NA NA NA
2340 16 1.8819101387908692 16 2.0249746878164063 0 NA 15 1.7631156212044057 NA NA NA NA NA NA NA NA
2342 16 2.2648453535282083 16 2.249613347705871 15 1.992958214309443 0 NA NA NA NA NA NA NA NA NA
2345 16 1.9452099205705942 16 2.5671194780190425 11 1.5956289437419944 3 1.8181818181818146 NA NA NA NA NA NA NA NA
2346 14 2.63083716997088 16 2.7071994585601202 12 1.7543004726865186 4 1.7464706738466005 NA NA NA NA NA NA NA NA
2349 10 1.6652789342214838 15 2.04382877256728 9 1.4032534691544092 0 NA 15 1.8933815795009903 16 2.293249247527594 6 1.228333560802513 8 2.2193452931385313
2350 15 2.323120208564574 16 2.279094060111111 14 2.3345654651065795 0 NA NA NA NA NA NA NA NA NA
2351 16 2.7407428555114626 16 3.2105949633791595 16 2.1752430154306333 0 NA 16 2.706665162963805 16 3.11486048020766 16 2.5556383771696347 0 NA
2352 16 2.6145926954816674 16 2.8597813458846097 13 2.0903122068873135 3 2.8526148969889245 16 2.837969669199171 16 2.8574830336944994 16 2.527379949452407 0 NA
2353 14 2.085868242656002 16 2.4195377674723386 12 1.9864260883959581 3 2.1327014218009603 15 1.9297568506368197 8 2.7380069591010225 11 1.8740948973507099 1 2.866698518872432
2354 16 2.8832292167227345 16 2.980811029000809 13 2.47886607767115 3 2.231866088034718 16 2.7740854187135233 16 2.4119390985377636 16 2.22407561857104 0 NA
2363 12 2.2606675248830395 16 3.060443764345846 9 1.9446144981814149 5 1.618559482060966 16 2.568836798587136 16 3.132239224770793 11 2.041195026906659 4 2.4770358138094797
2367 15 2.0534817924614464 16 2.2148905244214747 2 1.1194029850746268 13 2.0834446284523787 NA NA NA NA NA NA NA NA
2377 16 1.756665263774265 16 2.4456729421954915 6 1.636438019909996 7 1.7035084161427696 13 1.940443316665423 16 2.4289039570893673 1 1.3818516812528852 11 2.2219977780022195
2386 16 2.408610783551195 16 2.4668516805427116 14 2.0154034405815873 2 2.4539877300613697 13 1.7969037965352008 16 2.2427810485001465 12 1.4906215063558463 4 2.0132539216508647
2387 15 3.5041270830088815 16 3.443205050034073 12 2.323030263922052 2 3.186404673393504 16 2.718314644920151 16 3.2819390790058502 10 1.7811025024490175 5 2.1818181818181883
2393 12 1.6430103600931059 16 1.751664994069884 1 1.506402209389907 5 1.5071590052750565 15 2.0476883873316374 15 1.917504687233676 3 1.4900662251655616 13 1.9416992357670961
2396 15 1.9552890568989194 16 2.3042027698437493 1 1.921229586935645 13 2.1801106825423506 16 2.867383512544802 16 2.6343230338620267 9 2.5322391559202764 7 2.0770486128282486
2399 15 2.3123763520978424 16 2.968368325036338 15 2.0521239482864777 0 NA NA NA NA NA NA NA NA NA
2400 15 2.206044562100159 15 2.016219364666877 10 1.8130174654015823 6 1.5779092702169633 15 2.3436889664331635 14 2.5039496825349485 5 1.9549068161084322 5 2.3426518819303452
2406 NA NA NA NA NA NA NA NA 16 2.7404299049413368 16 2.5889967637540408 12 2.1907138075823007 4 1.9026478515934633
2411 11 1.3318534961154287 15 1.835086860778079 6 1.2725794478419166 1 2.1156558533145424 NA NA NA NA NA NA NA NA
2412 15 2.031877906714225 16 2.272189349112429 10 1.485258806347008 5 1.6070280694236152 NA NA NA NA NA NA NA NA
2413 15 1.7104087877002612 16 2.095200680940217 7 1.4769490452579408 5 1.8781694108808578 NA NA NA NA NA NA NA NA
2414 16 2.6871938418474515 16 2.6957962427339868 16 2.595927638517075 0 NA 16 2.495191557935226 16 2.9258480387674775 15 2.573045914574877 1 2.545608824777227
2415 15 1.5163002274450368 16 1.7789967199747998 12 1.4598244155633509 2 1.7160017160017111 16 2.6173728120399153 16 2.665704051314795 12 1.9245676405335286 4 2.6275454346398104
2419 16 2.2927015666794026 16 2.391390992427258 13 1.8210683601045976 0 NA 16 2.6680006670001744 16 2.837466378979095 16 2.3707215883834745 0 NA
2420 16 1.5150319577053593 16 1.760595668201075 10 1.5789058182679387 5 1.9152196118488194 8 2.1917808219178103 8 2.3830801310694154 6 1.742244591782413 2 2.178649237472767
2424 16 2.4758859029246385 16 2.669855660928329 1 1.2368583797155226 15 2.226785758467972 16 3.5550288846096754 16 3.1658092599920957 0 NA 16 2.3395233221231173
2427 12 2.6938042502244772 16 2.861912711662287 11 1.8053997866345721 5 2.4703557312252884 16 3.4269803305607986 16 3.5073618062913248 14 2.712827800025835 2 2.6507620941020664
2428 15 2.5018068605103765 16 2.4912417282989385 8 1.5778574011373743 7 2.2133220910623925 16 2.277309927647964 16 2.398500936914429 8 1.734793451154725 7 2.196193265007323
2433 15 2.397889856925915 16 2.5212732429877085 16 2.311748982589642 0 NA 16 2.4392722837686813 16 2.50104210087537 14 1.9410745233968827 1 2.430133657351135
2441 16 2.8473973009046403 16 3.0557677616501095 16 2.693300415217149 0 NA 16 2.8235294117646976 16 3.201921152691618 15 2.5592174481758385 1 1.7152658662092672
2443 15 2.6830431671833987 15 2.564321736900593 16 2.4487297214569943 0 NA 16 2.298575362145344 13 1.970642479977766 2 2.15827338129496 14 1.9130474390216163
